011889124517806
011889124518066
009227128747784
009227128747877
009227128748112
009227128748205
011240124633233
012270123608263
012270123608279
012270123608498
012270123608513
012270123608734
012270123611623
012270123611666
012270123611707
012270123611733
012270123611763
012270123611766
012270123611869
012270123611877
012270123611886
012270123611952
012270123611994
012270123612035
012270123612073
012270123612097
012270123612100
012270123612101
012270123612165
012270123612256
012270123612307
012270123612318
012270123612325
012270123612340
012270123612364
011889124518598
011889124518409
011889124518318
011889124518388
011889124517771
009227128747699
009227128747974
009227128748009
009227128748248
009227128748313
009227128748417
009227128748596
011240124625202
011240124632844
011240124633014
011240124633099
011240124633194
011240124633352
011240124633401
011240124633608
011240124634012
011240124635392
011240124635590
011240124635679
011240124635886
011240124635924
011240124636051
011240124636060
011240124636097
011240124636207
011240124636214
011240124636217
011240124636278
012270123608092
012270123608156
012270123608224
012270123608289
012270123608402
012270123608412
012270123608418
012270123608558
012270123608571
012270123608582
012270123608594
012270123608627
012270123608659
012270123608684
012270123611180
012270123611583
012270123611604
012270123611610
012270123611740
012270123611747
012270123611753
012270123611822
012270123611855
012270123611873
012270123611954
012270123611970
012270123611990
012270123612005
012270123612024
012270123612030
012270123612034
012270123612047
012270123612110
012270123612113
012270123612117
012270123612126
012270123612157
012270123612174
012270123612206
012270123612210
012270123612276
012270123612337
012270123612392
009227128747680
009227128748476
012270123608575
012270123611843
012270123611941
012270123611923
008984124485318
011889124518584
011889124518377
011240124633096
011240124633412
009227128746583
009227128747005
009227128747664
009227128748612
009227128748731
011240124631409
011240124631480
011240124632845
011240124633002
011240124633107
011240124633450
011240124633470
011240124634330
011240124635564
011240124636017
011240124636037
011240124636081
012270123608505
012270123611903
012270123611905
012270123611956
012270123612132
008984124410351
011889124495677
011889124518361
009227128748036
009227128747775
008984124409997
011889124518440
011889124518581
011889124408900
009227128747718
009227128747729
009227128747870
009227128747978
009227128747998
009227128747889
009227128748025
009227128748169
009227128748217
009227128748348
009227128748389
009227128748431
009227128748441
009227128748516
009227128748538
009227128748663
009227128748813
011240124624579
011240124625196
011240124631539
011240124632701
011240124632790
011240124632838
011240124633050
011240124633086
011240124633092
011240124633162
011240124633186
011240124633396
011240124633454
011240124633564
011240124633598
011240124633630
011240124633705
011240124633719
011240124633821
011240124634091
011240124634174
011240124635261
011240124635267
011240124635285
011240124635451
011240124635486
011240124635487
011240124635532
011240124635957
011240124635974
011240124636075
011240124636091
011240124636104
011240124636117
011240124636180
011240124636275
009227128748314
009227128748371
009227128748487
011240124632871
011240124633986
011240124634019
011240124635470
011240124635473
011240124635610
011240124635971
011240124636116
008984124410016
009227128748657
009227128748027
009227128748485
009227128746627
008984124410103
009227128747905
009227128748336
009227128748800
009227128748318
008984124410335
011889128101588
009227128747000
009227128747478
009227128747522
009227128747874
009227128747918
009227128747923
009227128747934
009227128747975
009227128748000
009227128748004
009227128748052
009227128748114
009227128748143
009227128748148
009227128748213
009227128748283
009227128748312
009227128748338
009227128748370
009227128748426
009227128748459
009227128748463
009227128748475
009227128748494
009227128748495
009227128748747
009227128748748
009227128748762
009227128748782
011240124635288
011240124636014
008984124410432
009227128746995
009227128747793
009227128747810
009227128747878
009227128747897
009227128748006
009227128748051
009227128748175
009227128748278
009227128748282
009227128748303
009227128748342
009227128748343
009227128748369
009227128748482
009227128748517
009227128748519
009227128748620
009227128749052
009227128749183
011240124635254
008984124409999
011889128100200
009227128747789
009227128747858
009227128747885
009227128747902
009227128747920
009227128747940
009227128747999
009227128748002
009227128748011
009227128748049
009227128748131
009227128748156
009227128748290
009227128748308
009227128748377
009227128748403
009227128748423
009227128748489
009227128748492
009227128748499
009227128748512
009227128748589
009227128748613
009227128748655
009227128748756
009227128748768
009227128748807
009227128748950
011240124631548
011240124632776
011240124632812
011240124632852
011240124632888
011240124632899
011240124632949
011240124632991
011240124633004
011240124633078
011240124633402
011240124633405
011240124633417
011240124633443
011240124633459
011240124633493
011240124633895
011240124633985
011240124633988
011240124633991
011240124634024
011240124634114
011240124635080
011240124635123
011240124635132
011240124635282
011240124635289
011240124635306
011240124635329
011240124635501
011240124635554
011240124635558
011240124635582
011240124635587
011240124635723
011240124635891
011240124636038
011240124636043
011240124636109
011240124636115
011240124636120
011240124636133
011240124636168
011240124636202
011240124636271
008984124485404
008984124410471
009227126713565
009227126715215
009227126715292
009227126715743
009227126715756
009227126715876
009227128745755
009227128746121
009227128746287
009227128746300
009227128746329
009227128746334
009227128746337
009227128746389
009227128746647
009227128746940
009227128747027
009227128747400
009227128747438
009227128747602
009227128747778
009227128748196
009227128748636
009227128748693
009227128748741
009227128748746
009227128748993
011240124631524
011240124634112
011240124635281
011240124635337
011240124635777
012270123608187
012270123608272
012270123608694
012270123608701
012270123608732
012270123611678
012270123611679
012270123611710
012270123611859
012270123612088
012270123612122
012270123612136
012270123612148
012270123612282
012270123612313
012270125646395
012270125646512
012270125646535
012270125646562
012270125646622
012270125646676
012270125646727
012270125646734
012270125646761
012270125646787
012270125646793
012270125647225
012270125647239
012270125647356
012270125647393
012270127728838
012270127728877
012270127728922
012270127728936
012270127728959
012270127729025
012270127729107
012270127729125
012270127729174
012270127729231
012270127729242
012270127729243
012270127729257
012270127729308
012270127729362
012270127729377
012270127729406
012270127729470
012270127729538
012270127729559
012270127729673
012270127729822
012270127729942
012270127730029
012270127730123
012270127730236
012270127730288
012270127730855
012270127731052
012270127733268
012270127733337
012270127733355
012270127733467
012270127733747
012270127734127
012270127734426
009227126713436
009227126714085
009227126714159
009227128745765
009227128745769
009227128745786
009227128745955
009227128745984
009227128746356
009227128746376
009227128746433
009227128746446
009227128746451
009227128746452
009227128746460
009227128746525
009227128746641
009227128746920
009227128747909
009227128747964
012270125647053
012270125647058
012270125647066
012270125647184
012270125647627
012270127730144
012270127730153
012270127730205
012270127730614
012270127730812
012270127730822
012270127730825
012270127730826
012270127730846
012270127730848
012270127730872
012270127730887
012270127730899
012270127731022
012270127731113
012270127731115
012270127731149
012270127731199
012270127733175
012270127733192
012270127733248
012270127733258
012270127733274
012270127733334
012270127733335
012270127733349
012270127733352
012270127733368
012270127733386
012270127733400
012270127733410
012270127733411
012270127733456
012270127733463
012270127733566
012270127733832
012270127733833
012270127733834
012270127733864
012270127733868
012270127733996
012270127734107
012270127734112
012270127734292
012270127734376
012270127734428
012270127734448
012270127734450
012270127734469
011889124517884
011889124517949
009227128747779
009227128747852
009227128747873
009227128747996
009227128748056
009227128748238
009227128748293
009227128748299
009227128748685
009227128748690
009227128747921
011240124632805
011240124633902
011240124635997
012270123608103
012270123608410
012270123611632
012270123611644
012270123611652
012270123612023
012270123612152
012270123612224
012270125646990
012270125647004
012270125647076
012270125647082
012270125647168
012270125647182
012270127730204
012270127730208
012270127730843
012270127730860
012270127730863
012270127730893
012270127730909
012270127731064
012270127731090
012270127731173
012270127731186
012270127731187
012270127733220
012270127733226
012270127733235
012270127733238
012270127733279
012270127733305
012270127733387
012270127733687
012270127734007
012270127734106
012270127734398
012270127733275
008984124409892
011889117410612
011889124518486
009227128747076
009227128748272
011240124634061
008984124410300
011889128101590
009227126714024
009227126715497
009227128746930
009227128747266
011240124631546
011240124633397
011240124633693
011240124635695
011240124636079
011240124636150
011240124636251
012270123608063
012270123608233
012270123608239
012270123608422
012270123608506
012270123608551
012270123611577
012270123611653
012270123611663
012270123611664
012270123611738
012270123611757
012270123611803
012270123611872
012270123611879
012270123611922
012270123611975
012270123612010
012270123612091
012270123612144
012270123612156
012270123612331
012270125647072
012270125647106
012270125647644
012270127730874
012270127731025
012270127731094
012270127731147
012270127733292
012270127733465
012270127733839
009227126714075
009227126715480
012270125647649
012270127730129
012270127730171
012270127730233
012270127731050
012270127731083
012270127733082
012270127733193
012270127733354
012270127733423
012270127733474
012270127733717
012270127734079
012270127734443
012270127734476
012270125646951
012270125646703
008984124409673
011889128100226
011889128101482
009227126714157
009227128746925
009227128747135
009227128747255
009227128747521
009227128748448
009227128748461
011240124631530
011240124633066
011240124633279
011240124633721
011240124633728
011240124634808
011240124635503
012270123608273
012270125646523
012270125646582
012270125646591
012270127734424
012270125646679
012270125646769
012270125646799
012270125646999
012270125647164
012270125647215
012270125647305
012270125647339
012270125647343
012270125647357
012270125647370
012270125647403
012270127730136
012270127730198
012270127730446
012270127730477
012270127730488
012270127730515
012270127730535
012270127730818
012270127731116
012270127731171
012270127733203
012270127733206
012270127733233
012270127733254
012270127733330
012270127733396
012270127733422
012270127733448
012270127733469
012270127733867
012270127734372
012270127734409
012270127734418
012270127734446
012270127734444
008984124409497
011889128100460
011889128101403
012270125646340
012270125646345
012270125646384
012270125646401
012270125646403
012270125646404
012270125646434
012270125646438
012270125646441
012270125646446
012270125646541
012270125646545
012270125646569
012270125646576
012270125646928
012270125646931
012270125647056
012270125647146
012270127728850
009227126714698
009227126714923
009227126714947
009227126715748
009227128747161
009227128748012
009227128748975
011240124625413
011240124631600
011240124632669
011240124632893
011240124633108
011240124633166
011240124633733
011240124633818
011240124634035
012270123611881
012270125646335
012270127729106
012270127729144
012270127729169
012270127729256
012270127729291
012270127729303
012270127729403
012270127729424
012270127729525
012270127729529
012270127729568
012270127729604
012270127729618
012270127729671
012270127729683
012270127729685
012270127729696
012270127729723
012270127729735
012270127729754
012270127729774
012270127729784
012270127729853
012270127729872
012270127729990
012270127729994
012270127729999
012270127729015
012270127728881
012270127728977
008984124409908
009227126713568
008984124409505
011889128101128
009227126713878
009227126714924
009227126715020
009227126715427
009227128746090
009227128746239
009227128747093
009227128747112
009227128748061
009227128748096
009227128748097
009227128748665
012270125646336
012270125646370
012270125646392
012270125646415
012270125646486
012270125646520
012270125646741
012270125646818
012270125646870
012270125646875
012270125647131
012270127728835
012270127728855
012270127728862
012270127728916
012270127728961
012270127728984
012270127729093
012270127729096
012270127729136
012270127729329
012270127729358
012270127729360
012270127729398
012270127729446
012270127729485
012270127729513
012270127729584
012270127729632
012270127729637
012270127729868
012270127729915
012270127729922
012270127729943
012270127729993
012270127730063
012270127730508
012270127730509
012270127730576
012270127730599
012270127731381
012270127731488
012270127731533
012270127731804
012270127733841
012270127733875
008984127219142
009227126714545
009227128746255
011240124631619
011240124632692
011240124632713
011240124632884
011240124633215
011240124633539
011240124633602
011240124634066
011240124634868
011240124635614
012270125646343
012270125646467
012270125646529
012270125646533
012270125646539
012270125646561
012270125646742
012270125646933
012270125647136
012270127728829
012270127728938
012270127729023
012270127729029
012270127729059
012270127729135
012270127729229
012270127729260
012270127729351
012270127729356
012270127729408
012270127729439
012270127729455
012270127729458
012270127729483
012270127729492
012270127729504
012270127729528
012270127729535
012270127729623
012270127729675
012270127729738
012270127729783
012270127729785
012270127729800
012270127729846
012270127729944
012270127729969
012270127730035
012270127730043
012270127730428
012270127730524
012270127730544
012270127730555
012270127731366
012270127731492
012270127731493
012270127731517
012270127731599
012270127731608
009227126713917
009227126714969
009227126715504
009227128746009
011240124631604
012270125646436
012270125646850
012270125646899
012270127728907
012270127728918
012270127728962
012270127729013
012270127729079
012270127729104
012270127731574
011240124625445
008984124410373
009227127744965
009227128746887
012270125646364
012270125647254
012270127728810
012270127729417
012270127729748
012270127731570
008984127219674
011889128100770
011889128100278
011889128100820
009227126714007
009227128745777
009227128745891
009227128745942
009227128747128
009227128748333
009227128748721
011240124631492
011240124631547
011240124633757
011240124633760
011240124635742
012270123608132
012270123608144
012270123608191
012270123608525
012270123608596
012270123608613
012270123611779
012270123611821
012270123611887
012270123611892
012270123612015
012270123612357
012270123612365
012270125646532
012270125646731
012270125647055
012270125647069
012270125647142
012270127730125
012270127730209
012270127730276
012270127730811
012270127730831
012270127730842
012270127730847
012270127731099
012270127731114
012270127731122
012270127731164
012270127731178
012270127731181
012270127731196
012270127731208
012270127733128
012270127733138
012270127733219
012270127733247
012270127733259
012270127733272
012270127733284
012270127733291
012270127733324
012270127733336
012270127733369
012270127733376
012270127733680
012270127733723
012270127733734
012270127733828
012270127734081
012270127734468
008984127219610
011889128100234
009227126714030
009227126714103
009227126714197
009227126715147
011240124625191
011240124625479
011240124632941
011240124633341
011240124633435
011240124634163
011240124634196
011240124634224
012270123608101
009227126715465
009227126715496
009227128745985
009227128746366
009227128746371
009227128746459
009227128746503
009227128746510
009227128746522
009227128746684
009227128747385
012270123608196
012270123608237
012270123608241
012270123608325
012270123608337
012270123608385
012270123608467
012270123608553
012270123608610
012270123608623
012270123608656
012270123608686
012270123611636
012270123611735
012270123611784
012270123611797
012270123611799
012270123611805
012270123611807
012270123611836
012270123611838
012270123611871
012270123611888
012270123611915
012270123611927
012270123611955
012270123612009
012270123612038
012270123612055
012270123612059
012270123612078
012270123612090
012270123612095
012270123612120
012270123612140
012270123612149
012270123612169
012270123612185
012270123612217
012270123612228
012270123612274
012270123612275
012270123612305
012270123612336
012270123612346
012270123612361
012270127730159
012270127730306
012270127730676
012270127731152
009227126715588
008984124410303
011889128101574
011889128101470
009227126714102
009227126715095
009227126715163
009227126715488
009227126715493
009227128745812
009227128745982
009227128746817
009227128746915
009227128746967
009227128747146
012270125647035
012270127730133
012270127730178
012270127730189
012270127730852
012270127730908
012270127731150
012270127733303
012270127733377
012270127733822
012270127733860
012270127733984
012270127734078
012270127734481
009227126714167
008984127219192
011889128100240
011889128100603
009227126713612
009227126713619
009227126713674
009227126713812
009227126714074
009227126714565
009227126714569
009227126714673
009227126714674
009227126714978
009227126715132
009227126715328
009227126715398
009227126715411
009227126715536
009227126715539
009227126715732
009227128746210
009227128746335
009227128746490
009227128747639
009227128747742
009227128748098
009227128748128
009227128748355
009227128748453
009227128748520
009227128748552
009227128748570
009227128748648
009227128749017
009227128749157
011240124625398
012270125646339
012270125646497
012270125646537
012270125646607
012270127729127
012270127729432
012270127729476
012270127729478
012270127729562
012270127729692
012270127729745
012270127729862
012270127730051
012270127730476
012270127730567
012270127731294
012270127731674
012270127731294
008984124410302
011889128100794
011889128100424
009227126715423
009227126713626
009227126713842
009227126715199
009227128746320
009227128746882
009227128746928
009227128747155
011240124625470
011240124625501
011240124631527
011240124632754
011240124634103
011240124634136
011240124635779
012270125646577
012270125646655
012270125647174
012270125647191
012270125647330
012270125647358
012270125647365
012270125647525
012270127729736
012270127730015
012270127731016
012270127731101
012270127733173
012270127733222
012270127733845
012270127734449
008984124410378
009227126714199
009227126715100
009227128746005
009227128746671
009227128747032
012270127730009
012270127731198
012270127733212
012270127733541
012270127733752
012270127734518
008984124410355
011889128101244
011889128100483
009227126713726
009227126714049
009227126715126
009227126715166
009227126715233
009227128745795
009227128745961
009227128746687
009227128746866
009227128746869
009227128746944
009227128747127
009227128747131
009227128747271
009227128747633
009227128747643
011240124632702
011240124632945
011240124633544
011240124633565
011240124633595
011240124633787
011240124634037
011240124634086
011240124634130
011240124634149
011240124634160
011240124634220
011240124635067
011240124635465
011240124635502
011240124635665
011240124635936
012270125646650
012270125646752
012270125646804
012270125646825
012270125646927
012270125646959
012270125647238
012270125647256
012270125647264
012270127729094
012270127729101
012270127729237
012270127729240
012270127729462
012270127729516
012270127729541
012270127729807
012270127729860
008984127219687
009227126714561
009227126715024
009227126715352
009227126715792
009227128745744
009227128746185
009227128746571
009227128746588
009227128746595
009227128746886
009227128747180
009227128747200
009227128747439
009227128747616
009227128748279
009227128749004
009227128749096
011240124634205
012270125646377
012270125646397
012270125646418
012270125646437
012270125646443
012270125646473
012270125646476
012270125646502
012270125647037
012270127728820
012270127728828
012270127728912
012270127728991
012270127729024
012270127729077
012270127729190
012270127729246
012270127729261
012270127729384
012270127729386
012270127729388
012270127729391
012270127729422
012270127729449
012270127729592
012270127729645
012270127729652
012270127729658
012270127729771
012270127729801
012270127729818
012270127729864
012270127729927
012270127729966
012270127730014
012270127730596
008984127219308
011889124518542
011889124518395
009227128748041
009227128748432
009227128748514
012270123605516
012270123606519
012270123607700
012270123608193
012270123608436
012270123608447
012270123610281
012270123610510
012270123611619
012270123611714
012270123611720
012270123611737
012270123611755
012270123611813
012270123611885
012270123611904
012270123611997
012270123612137
012270123612332
012270123612351
012270123612369
009227128747753
009227128747790
009227128748017
009227128748024
009227128748045
009227128748161
009227128748172
009227128748187
009227128748192
009227128748261
009227128748309
009227128748401
009227128748407
009227128748409
009227128748456
009227128748540
009227128748714
009227128748764
011240124635549
011240124635634
011240124636132
012270123608054
012270123608213
012270123608290
012270123608685
012270123608713
012270123611269
012270123611681
012270123611690
012270123611703
012270123611704
012270123611712
012270123611771
012270123611769
012270123611829
012270123611862
012270123611870
012270123611908
012270123612032
012270123612223
012270123612290
012270125647007
012270127730164
012270127730173
012270127730188
012270127731059
012270127731153
012270127731202
012270127733264
012270127733300
012270127733338
012270127733345
012270127734453
008984124485320
009227126715062
009227126715229
009227126715783
009227128747596
008984124410000
011889128100978
011889128101232
009227128748504
009227128748513
009227128748424
009227128748030
009227128748204
009227128748359
009227128748365
009227128747083
009227128747859
009227128748126
009227128748177
009227128748281
009227128748323
009227128748624
009227128748652
009227128748696
009227128748753
009227128748769
009227128748778
009227128748785
011240124636206
008984124410345
011889128100228
011889128100196
009227128746663
012270127730207
012270127734194
012270127734539
011240124636029
011240124636196
012270127730857
012270127731078
012270127731175
012270127733315
012270127734415
008984124410443
009227126713887
009227126714592
009227126714727
009227128746001
009227128746749
009227128746932
009227128747152
009227128747430
009227128747594
011240124633590
011240124633623
011240124634079
011240124634095
011240124634197
011240124635445
012270125646361
012270125646376
012270125646380
012270125646388
012270125646421
012270125646489
012270125646558
012270125646957
012270125646982
012270125647129
012270125647260
012270127728824
012270127728833
012270127728866
012270127729022
012270127729124
012270127729275
012270127729286
012270127729379
012270127729480
012270127729527
012270127729552
012270127729557
012270127729574
012270127729581
012270127729597
012270127729633
012270127729665
012270127729700
012270127729751
012270127729843
012270127729967
012270127730002
012270127730435
012270127731223
012270127731658
012270127734170
008984127219232
011889128100409
011889128101461
009227126714191
009227126715071
009227126715072
009227126715098
009227126715119
009227126715160
009227126715222
009227126715555
009227128745751
009227128745767
009227128745789
009227128745800
009227128746047
009227128746399
009227128746428
009227128746626
009227128746678
009227128746818
009227128746825
009227128746856
009227128746860
009227128746863
009227128746875
009227128746894
009227128746919
009227128747097
009227128747132
009227128747261
009227128747264
009227128747272
009227128747283
009227128747657
009227128747660
011240124632834
011240124632880
011240124633023
011240124633068
011240124633110
011240124633195
011240124633641
011240124634133
011240124635534
011240124635904
011240124635978
012270123608067
012270123608292
012270123608357
012270123611586
012270123612366
012270125646715
012270125646737
012270125646964
012270125647559
012270125647616
012270125647668
012270127728951
012270127730140
012270127730148
012270127730160
012270127730177
012270127730829
012270127730830
012270127731038
012270127731195
012270127733237
012270127733523
012270127733583
012270127733718
012270127734110
008984124410116
011889124518373
011889128100606
011889128100202
011889128101177
009227126715192
009227127744962
009227128745792
009227128745949
009227128745998
009227128746364
009227128746823
009227128746864
009227128746874
009227128746950
009227128747055
009227128747133
009227128747137
009227128747650
011240124633567
011240124633655
011240124635519
011240124635628
011240124635920
012270125646341
012270125646692
012270125646706
012270125646738
012270125646859
012270125646876
012270125646937
012270125647046
012270125647189
012270125647201
012270125647216
012270125647227
012270125647231
012270125647232
012270125647235
012270125647252
012270125647253
012270125647270
012270125647275
012270125647276
012270125647285
012270125647295
012270125647311
012270125647331
012270125647336
012270125647344
012270125647367
012270125647369
012270125647378
012270125647381
012270125647409
012270125647418
012270125647501
012270125647578
012270127729017
012270127729465
012270127729553
012270127730037
012270127730423
012270127730529
012270127730593
012270127734234
008984127218775
011889124518353
011889124518187
011889128100392
011889124517941
011889124517901
009227126714051
009227128746997
009227128746999
009227128747068
009227128747073
009227128747668
009227128747839
009227128747850
009227128747866
009227128747927
009227128747954
009227128748042
009227128748122
009227128748176
009227128748280
009227128748288
009227128748317
009227128748550
009227128748584
009227128748585
009227128748669
011240124625211
011240124631404
011240124631444
011240124631490
011240124632831
011240124632837
011240124632839
011240124632895
011240124632952
011240124632969
011240124633017
011240124633080
011240124633104
011240124633371
011240124633445
011240124633446
011240124633456
011240124633487
011240124633749
011240124633805
011240124633823
011240124633951
011240124633978
011240124634049
011240124634896
011240124635228
011240124635269
011240124635270
011240124635327
011240124635333
011240124635542
011240124635553
011240124635585
011240124635654
011240124635810
011240124635875
011240124635885
011240124635896
011240124635967
011240124635970
011240124636050
011240124636070
011240124636076
011240124636114
011240124636118
011240124636152
011240124636167
011240124636188
011240124636244
011240124636261
012270123605482
012270123605546
012270123608104
012270123608207
012270123608253
012270123608260
012270123608281
012270123608420
012270123608604
012270123611711
012270123611764
012270123611790
012270123611802
012270123611839
012270123611890
012270123611896
012270123611902
012270123611906
012270123611953
012270123611960
012270123612036
012270123612108
012270123612278
012270123612344
012270125646242
012270127733428
008984124410380
009227128745804
012270125646772
012270125646897
012270127731622
012270127733308
008984127218522
008984124411573
011889128101453
011889128100375
011889128101138
009227126715109
009227128746355
009227128746431
009227128746477
009227128746831
009227128746896
009227128747034
009227128747079
009227128747284
009227128747377
009227128747388
009227128747423
009227128747659
009227128749209
008984127218751
009227126715056
009227128745987
009227128746293
009227128746448
009227128746990
009227128747453
009227128748694
012270125646568
012270125646809
012270125646917
012270125646969
012270125646977
012270125647090
012270125647137
012270125647159
012270125647435
012270125647584
012270127729033
012270127730458
012270127730559
012270127731056
012270127731345
012270127731390
012270127731507
012270127731518
012270127731529
012270127731559
012270127731648
009227126713949
009227126715064
009227126715077
009227126715396
009227126715852
009227128747106
009227128747154
009227128747414
009227128747622
012270125646490
012270125647220
012270127728857
012270127729210
012270127729248
012270127729452
012270127729454
012270127729461
012270127729791
012270127729953
012270127731324
012270127731367
012270127731591
009227126714957
009227126715378
009227128746378
009227128746763
009227128748976
009227128749207
009227128749212
011240124625380
011240124631365
011240124632711
011240124632911
011240124632978
011240124633295
011240124634154
011240124635095
011240124635469
011240124635513
011240124635577
011240124635602
012270125646386
012270125646400
012270125646447
012270125646463
012270125646528
012270125646795
012270125646896
012270125646914
012270125647096
012270127728893
012270127729165
012270127729436
012270127729472
012270127729498
012270127729549
012270127729596
012270127729667
012270127729730
012270127729759
012270127729906
012270127729926
012270127730039
012270127731585
011889128100381
011889124518641
011889128101432
011889128100994
011889124518316
012270123606477
011240124636199
011240124636264
012270123605498
012270123605524
012270123608206
012270123608703
012270123608740
012270123608741
012270123609474
012270123611777
012270123611842
012270123611844
012270123611897
012270123611900
012270123611901
012270123611914
012270123611937
012270123612065
012270123612220
012270123612310
012270123612320
012270123612326
012270123612328
012270123612330
012270123612333
012270123612347
012270123612352
012270125647065
012270127730116
012270127730197
012270127730897
012270127733176
012270127733191
012270127733314
012270127733379
012270127733568
012270127733993
012270127734064
012270127734363
012270127734480
009227126714039
009227128746476
009227128746491
009227128747004
009227128747696
009227128747933
009227128747935
009227128748040
009227128748257
009227128748385
009227128748419
009227128748421
009227128748455
009227128748474
009227128748541
009227128748546
009227128748581
009227128748791
009227128748820
011240124625277
011240124632700
011240124632791
011240124633070
011240124633264
011240124633376
011240124633466
011240124633885
011240124634072
011240124635320
011240124632934
011240124633059
011240124635326
009227126714651
009227127745030
012270123611898
012270127734094
008984127218805
009227126713447
009227128746423
009227128746463
009227128746482
009227128746912
009227128747663
009227128748772
012270127731138
012270127733373
012270127733430
008984127218757
011889124517938
011889128101287
009227128746692
009227128746859
009227128747006
009227128747124
009227128747702
009227128747777
009227128747890
009227128748019
009227128748218
009227128748237
009227128748449
011240124633075
011240124633328
011240124633432
011240124633839
011240124633907
011240124635956
012270123605490
012270123608296
012270123608379
012270123611668
012270123611684
012270123611913
012270123612003
012270123612018
012270123612314
012270127730882
012270127731142
012270127734001
012270127734472
012270123609442
008984127218781
011889124517940
009227128747710
009227128748679
009227128749242
011240124633741
011240124633896
011240124634358
011240124635478
011240124635530
011240124636140
011240124636165
012270123608183
012270123608547
012270123611620
012270123611634
012270123611731
012270123611773
012270123612068
012270123612154
012270123612162
012270123612288
012270123612295
012270123612304
008984124410307
011889128234548
011240124633164
011240124633171
011240124633488
011240124633653
011240124633667
011240124633678
011240124633698
011240124633883
011240124634054
011240124634098
011240124634102
011240124634125
011240124634152
011240124635511
011240124635961
012270125646334
012270125646508
012270125646567
012270125646614
012270125646621
012270125646623
012270125646726
012270125646753
012270125646771
012270125646782
012270125646792
012270125646828
012270125646929
012270125647153
012270125647190
012270125647234
012270125647279
012270125647294
012270125647302
012270125647304
012270125647363
012270125647375
012270127728944
012270127729039
012270127729088
012270127729140
012270127729292
012270127729482
012270127729520
012270127729772
012270127729779
012270127729869
012270127731158
009227126713615
009227126714392
009227126714467
009227126715068
009227128746533
009227128746611
009227128746625
009227128746686
009227128746906
009227128747118
011240124631618
011240124632703
011240124633058
009227126715096
009227126715157
009227126715189
009227126715532
009227126715542
009227126715807
009227127744971
009227128745762
009227128745801
009227128746350
009227128746419
009227128746526
008984127219166
011889124518326
011889128100674
009227128745871
009227128746283
009227128746861
011240124634046
012270127731030
012270127733189
009227126714079
009227126714139
009227126714551
009227126715381
009227126715468
009227126715527
009227128745743
009227128745805
009227128746363
009227128746410
009227128746654
009227128747014
009227128747126
009227128747142
009227128747356
009227128747646
011240124632751
011240124632898
011240124633097
011240124633486
011240124633725
011240124634145
011240124635107
011240124635258
011240124635776
011240124636224
012270123608275
012270123611878
012270125646478
012270125646542
012270125646671
012270125646691
012270125646700
012270125646822
012270125647263
012270127730076
012270127730114
012270127730500
012270127731037
012270127731161
012270127733390
012270127733395
012270127733404
012270127733409
012270127733700
012270127734124
012270127734133
012270127734381
012270127734496
008984124485402
009227126714047
009227126714048
009227126714053
009227126714100
009227126715275
009227126715297
009227126715453
009227126715484
009227126715499
009227128745823
009227128746327
009227128746382
009227128746383
009227128746407
009227128746637
009227128746688
009227128746881
009227128746916
009227128747121
009227128747123
009227128747125
009227128747268
009227128747352
009227128747644
011240124633172
011240124635060
012270123611935
012270123612092
012270123612292
012270123612329
012270127733874
012270127734524
012270125646661
012270125647158
012270127731034
012270127733217
012270127733261
012270127733339
012270127733488
012270127733769
011889128101494
011889124517876
011889124518242
011889128101242
012270123612077
012270123612151
012270123612225
012270123612253
009227128747063
009227128747554
009227128747750
009227128747782
009227128747846
009227128747900
009227128747966
009227128748053
009227128748055
009227128748224
009227128748341
009227128748384
009227128748395
009227128748717
009227128748816
011240124631367
011240124632725
011240124632806
011240124632853
011240124633786
011240124634047
011240124634063
011240124635241
011240124635262
011240124635287
011240124635299
011240124635764
011240124636082
011240124636092
011240124636124
011240124636141
011240124636177
011240124636208
011240124636232
011240124636238
012270123608208
012270123608274
012270123611840
012270123611853
012270123612319
009227128746414
009227128747703
009227128747879
009227128747887
009227128747986
009227128748284
009227128748364
009227128748388
009227128748543
009227128748583
009227128748688
009227128748697
009227128748804
011240124633061
011240124633918
011240124633963
011240124634007
011240124634077
011240124634141
011240124635086
011240124635292
011240124635545
011240124635639
011240124635895
011240124636248
012270123608033
012270123608219
012270123608534
012270123608625
012270123611727
012270123611751
012270123611788
012270123611863
012270123611883
012270123611889
009227127744956
009227128748328
011240124634031
011240124635450
012270125646596
012270125646603
012270125646701
008984124410447
009227126715604
009227126715608
009227128746103
009227128746402
009227128746413
009227128746415
009227128746908
011240124633379
012270123611850
012270123611996
012270123612004
012270123612102
012270127730143
012270127730145
012270127730183
012270127730813
012270127730832
012270127730875
012270127730900
012270127731123
012270127731144
012270127731163
012270127731207
012270127731266
012270127733198
012270127733317
012270127733329
012270127733476
012270127733697
012270127733837
012270127733871
012270127734017
012270127734134
012270127734392
012270127734420
012270127734425
012270127734438
012270127734466
012270127734470
011889128101256
009227126714023
009227126715302
009227126715014
012270127728972
012270127729269
012270125647362
012270125646994
012270125646851
012270125646732
011240124635510
012270123608286
011240124634217
011240124633642
011240124633220
011240124632720
011240124632902
009227128749168
009227128748949
009227128747818
009227128747270
009227128745770
009227128746373
009227126715625
009227126714010
012270127730010
012270127729638
012270127729283
008984127219698
011889128101562
009227126714097
009227128745889
009227128746357
009227128746949
009227128748486
011240124633200
012270125647078
012270127730003
012270127731110
012270127733178
012270127733360
012270127733383
012270127733513
012270127733749
012270127733807
012270127734390
012270127734498
009227126715103
009227128745753
009227128747151
011240124633798
011240124635526
012270125647296
012270127728998
012270127730120
012270127733399
008984124410054
011889124517943
009227126713405
009227128747670
009227128747712
009227128747745
009227128747993
009227128748063
009227128748119
009227128748184
009227128748186
009227128748289
009227128748366
009227128748413
009227128748498
009227128748551
009227128748574
009227128748634
009227128748701
009227128748789
011240124624016
011240124625200
011240124625304
011240124631496
011240124631509
011240124631526
011240124632734
011240124632780
011240124632813
011240124632891
011240124633051
011240124633053
011240124633065
011240124633079
011240124633083
011240124633129
011240124633152
011240124633176
011240124633228
011240124633335
011240124633353
011240124633361
011240124633389
011240124633406
011240124633416
011240124633438
011240124633491
011240124633604
011240124633652
011240124633674
011240124633683
011240124634071
011240124634128
011240124634340
011240124634698
011240124635097
011240124635104
011240124635317
011240124635557
011240124635560
011240124635903
011240124635908
011240124635973
011240124636034
011240124636044
011240124636062
011240124636080
011240124636146
011240124636182
011240124636190
011240124636210
011240124636231
011240124636249
011240124636270
011240124632938
011889124518379
009227128747791
009227128748774
011240120729920
011240120729954
011240120729971
011240124623757
011240124632788
011240124632936
011240124632964
011240124633143
011240124633427
011240124633513
011240124633631
011240124634087
011240124634333
011240124635040
011240124635112
011240124635129
011240124635136
011240124635264
011240124635314
011240124635528
011240124635544
011240124635548
011240124635559
011240124635686
011240124635757
011240124636087
011240124636131
011240124636173
011240124636181
011240124636200
011240124636227
011240124636257
011240124636258
011240124636266
009227126715112
011889124517939
011889124517950
009227126715863
009227128747078
009227128748120
009227128748391
009227128748440
009227128748610
009227128748812
011240124632750
011240124632860
011240124632882
011240124632889
011240124632989
011240124633205
011240124633357
011240124633366
011240124633382
011240124633472
011240124633835
011240124633881
011240124634020
011240124634043
011240124634081
011240124634096
011240124634101
011240124634117
011240124634169
011240124635245
011240124635250
011240124635277
011240124635334
011240124635444
011240124635525
011240124635556
011240124635624
011240124635627
011240124635638
011240124635693
011240124635697
011240124635773
011240124635785
011240124635898
011240124635905
011240124635960
011240124636001
011240124636011
011240124636016
011240124636085
011240124636086
011240124636100
011240124636107
011240124636136
011240124636155
011240124636156
011240124636159
011240124636160
011240124636166
011240124636218
011240124636223
011240124636229
011240124636235
011240124636237
011240124636254
011240124636273
008984124410389
011889124518442
009227126715835
009227128747085
009227128747087
009227128748182
009227128748262
009227128748382
009227128748412
009227128748535
009227128748600
011240124631523
011240124632955
011240124633163
011240124633987
011240124635888
012270123605500
012270123605509
012270123608223
012270123608230
012270123608247
012270125646798
012270123608400
012270123608516
012270123608585
012270123608607
012270123609444
012270123611573
012270123611627
012270123611639
012270123611651
012270123611691
012270123611708
012270123611719
012270123611804
012270123611931
012270123611985
012270123612016
012270123612060
012270123612079
012270123612081
012270123612084
012270123612105
012270123612227
012270123612255
012270123612272
012270123612294
012270123612342
012270123612363
008984124410452
011240124633203
009227128747344
009227128745802
009227126715050
012270127730138
012270127728941
012270125647124
012270125647119
012270125647073
011240124634767
011240124633391
011240124633249
012270127734097
012270127733737
012270127733725
012270127733418
012270127733353
012270127733350
012270127733231
012270127731157
009227126714040
008984127218772
011889128100817
011889124518684
008984127219681
011240124633036
011240124633139
009227128748221
009227128748253
009227128748555
009227128748597
011240124635207
011240124635894
012270123611856
011240124632823
011240124633368
011240124633439
011240124633859
011240124634001
011240124634207
011240124635681
011240124635927
012270123608521
012270123612021
012270123612317
008984124485407
011889124518317
009227128746592
009227128747708
009227128747949
009227128747983
009227128748043
009227128748050
009227128748157
009227128748457
009227128748500
009227128748591
009227128748611
009227128748643
009227128748708
009227128748715
009227128748770
009227128748777
009227128748781
009227128748799
009227128748817
011240120729933
011240124625492
011240124632896
011240124632946
011240124632993
011240124633149
011240124633398
011240124633441
011240124633468
011240124633511
011240124633586
011240124633753
011240124633789
011240124633995
011240124634893
011240124635045
011240124635249
011240124635268
011240124635276
011240124635313
011240124635322
011240124635539
011240124635561
011240124635806
011240124636013
011240124636049
011240124636151
011240124636205
011240124636215
011240124636221
009227128746572
009227128746573
009227128747447
009227128747518
009227128747684
009227128747855
009227128747973
009227128748016
009227128748031
009227128748195
009227128748223
009227128748267
009227128748302
009227128748350
009227128748390
009227128748558
009227128748706
009227128748767
009227128748988
009227128749013
011240124625452
011240124631407
011240124631467
011240124631471
011240124631478
011240124631503
011240124632767
011240124632779
011240124632825
011240124632854
011240124632906
011240124632917
011240124633085
011240124633169
011240124633239
011240124633275
011240124633288
011240124633343
011240124633373
011240124633517
011240124633521
011240124633584
011240124633637
011240124633665
011240124633699
011240124633830
011240124633908
011240124633957
011240124633990
011240124634014
011240124634030
011240124634184
011240124634740
011240124635116
011240124635246
011240124635260
011240124635440
011240124635453
011240124635460
011240124635489
011240124635492
011240124635514
011240124635944
011240124636042
011240124636064
011240124636084
011240124636195
011240124636277
011240124632770
011240124633351
011240124635303
011240124635700
011240124635709
011240124635724
011240124635890
011240124636174
011240124636179
009227128747675
009227128747802
011240124632904
011240124633429
011240124635910
011240124636226
012270123612093
009227128748562
009227128748719
009227128748805
011240124633783
011240124635298
011240124635677
011240124635712
011240124636222
011240124636247
012270125646525
008984124485409
011889128100176
009227126714094
009227126714101
009227126714115
009227126714175
009227126714203
009227126714336
009227126714374
009227126715066
009227126715089
009227126715090
009227126715146
009227126715155
009227126715167
009227126715477
009227126715478
009227126715524
009227126715587
009227127745021
009227128745747
009227128745750
009227128745752
009227128745761
009227128746052
009227128746262
009227128746344
009227128746381
009227128746479
009227128746502
009227128746617
009227128746633
009227128746646
009227128746649
009227128746650
009227128746655
009227128746676
009227128746820
009227128746834
009227128746837
009227128746841
009227128746878
009227128746956
009227128747096
009227128747278
009227128747286
009227128747351
011240124633259
011240124633390
011240124633541
011240124635393
011240124635571
011240124635623
012270123611742
012270125646574
012270125646888
012270125647144
012270127730192
012270127730856
009227126715286
009227126713460
009227126713476
009227126713752
009227126713799
008984124410409
011889124518322
011889124518631
011889124518444
011889124518453
012270123611945
012270123608531
012270123611758
011240124633596
011240124634790
011240124635550
011240124635921
011240124631491
011240124633426
009227128746369
009227128746552
009227128747482
012270123612334
009227128747854
009227128747904
009227128747919
009227128747926
009227128748160
009227128748170
009227128748256
009227128748635
009227128748814
012270123612334
009227128747074
009227128747787
009227128747797
009227128747869
009227128747871
009227128748166
009227128748179
009227128748188
009227128748216
009227128748271
009227128748276
009227128748361
009227128748434
009227128748467
009227128748493
009227128748641
009227128748792
011240124625104
011240124633362
011240124633632
011240124633740
011240124634113
011240124635090
011240124635248
011240124635966
011240124635987
011240124636067
011240124636102
011240124636103
011240124636153
012270123608129
012270123608179
012270123608651
012270123611693
012270123611849
012270123612066
012270123612179
009227128747994
009227128748020
009227128748123
009227128748480
009227128748490
009227128748507
009227128748572
011240124633090
008984124410358
011889128100210
011889128100432
009227126713533
009227126715075
009227126715086
009227126715091
009227126715101
009227126715115
009227126715148
009227126715290
009227126715514
009227126715581
009227128746312
009227128746380
009227128746454
009227128746516
009227128746648
009227128746694
009227128746865
009227128746918
009227128746948
009227128747109
009227128747338
009227128747881
009227128748054
011240124632820
011240124634057
011240124635716
011240124635725
012270123608297
012270123608706
012270123611800
012270123611812
012270123612106
012270123612177
012270123612264
012270123612312
012270123612354
012270127730111
012270127731049
012270127733341
012270127733414
012270127733746
012270127733762
012270127734121
012270127734191
012270127734314
012270127734439
012270127734411
008984127219742
008984127219626
011889124517851
011889128101212
011889128234560
011889124518634
011889128101253
012270127733729
012270127733442
012270127733408
012270127733367
012270127733266
012270127733267
012270127733228
012270127733186
012270127731134
012270127731041
012270127730866
012270127730859
012270127730824
012270127730200
012270127730176
012270127730157
012270127730152
012270127730137
012270127730115
012270127730058
012270127730027
012270127729805
012270127729788
012270127729768
012270127729750
012270127729359
012270127729222
012270127729157
012270127728948
012270127728910
012270125647335
009227126713433
009227126713474
009227126713490
009227126713538
009227126713728
009227126713746
009227126714025
009227126714044
009227126714098
009227126714353
009227126715162
009227126715200
009227126715225
009227126715248
009227126715280
009227126715283
009227126715284
009227126715293
009227126715294
009227126715526
009227127744970
009227128745771
009227128745807
009227128745883
009227128745959
009227128745967
009227128746010
009227128746012
009227128746182
009227128746265
009227128746290
009227128746405
009227128746412
009227128746424
009227128746484
009227128746599
009227128746638
009227128746645
009227128746673
009227128746871
009227128746895
009227128746929
009227128747011
009227128747108
009227128747114
009227128747122
009227128747379
009227128747597
009227128747608
009227128747636
009227128747671
011240124624435
011240124631357
011240124631545
011240124632698
011240124632943
011240124632982
011240124633009
011240124633192
011240124633212
011240124633263
011240124633305
011240124633694
011240124633697
011240124633807
011240124634013
011240124634060
011240124634070
011240124634216
011240124634222
011240124634877
011240124635975
011240124635976
012270125646581
012270125646612
012270125646619
012270125646638
012270125646697
012270125646704
012270125646717
012270125646719
012270125646751
012270125646762
012270125646774
012270125646840
012270125647005
012270125647130
012270127734436
012270127734387
012270127734113
012270127734080
012270127733978
012270127733777
012270127733761
012270127733739
008984127219306
011889128234563
011889128101221
009227126713716
009227126715159
009227126715250
009227128745856
009227128745892
009227128745970
009227128746110
009227128746669
009227128746852
009227128746962
009227128747595
009227128748481
011240124625419
011240124631426
011240124632695
011240124633178
011240124633204
011240124633873
011240124635363
011240124635616
011240124635945
011240124635981
012270125646346
012270125646394
012270125646586
012270125646589
012270125646662
012270125646689
012270125646783
012270125646801
012270125646811
012270125646861
012270125647372
012270125647401
012270125647610
012270127728995
012270127729267
012270127729381
012270127729412
012270127729809
012270127729838
012270127729858
012270127729987
012270127730038
012270127730068
012270127730135
012270127730174
012270127730821
012270127730861
012270127730862
012270127730868
012270127730877
012270127730878
012270127730883
012270127730888
012270127730896
012270127731061
012270127731127
012270127731170
012270127731205
012270127733204
012270127733260
012270127733312
012270127733332
012270127733363
012270127733370
012270127733382
012270127733444
012270127733462
012270127733466
012270127733572
012270127733659
012270127733792
012270127733846
012270127733901
012270127734406
012270127734560
012270127731021
008984127218785
011889124518352
011889124518635
009227128747072
009227128747701
009227128747863
009227128747888
009227128747938
009227128748034
009227128748249
009227128748264
009227128748548
009227128748578
011240124633020
011240124633358
011240124635570
011240124635756
011240124636137
009227128747003
009227128747886
009227128747895
009227128747915
009227128747992
009227128748032
009227128748046
009227128748124
009227128748266
009227128748414
009227128748420
009227128748444
009227128748479
009227128748547
009227128748601
009227128748615
009227128748618
009227128748775
009227128748797
011240124625129
011240124632687
011240124632885
011240124632914
011240124632928
011240124633202
011240124633209
011240124633477
011240124633561
011240124633606
011240124633695
011240124633972
011240124635335
011240124635474
011240124635917
011240124635926
011240124636112
011240124636121
011240124636149
011240124636178
011240124636212
008984124410406
011889128100216
011889128100713
009227128747980
009227128747980
009227128747960
009227126714080
009227126713673
012270123611676
012270123611831
012270123611851
012270123611876
012270123611916
012270123612007
012270123612054
012270123612103
012270123612131
012270123612287
012270123612302
012270123612309
012270123612360
012270125647084
012270127731027
012270127731060
012270127733130
012270127733181
012270127733342
012270127733450
012270127733477
012270127733531
012270127734441
009227126714122
009227126714127
009227126715554
009227126715590
009227126715600
009227128745745
009227128745840
009227128745842
009227128746396
009227128746409
009227128746469
009227128746514
009227128746517
009227128746523
009227128746529
009227128746683
009227128746982
009227128747038
009227128747058
009227128747908
009227128747976
009227128747997
009227128748115
009227128748149
009227128748236
009227128748259
009227128748260
009227128748344
009227128748363
009227128748566
009227128748700
011240124632900
011240124633118
011240124633831
011240124633976
011240124635666
011240124635902
011240124636098
011240124636164
012270123608168
012270123608236
012270123608392
008984124410469
011889124518324
011889124518101
011889124518455
009227128747067
009227128747077
009227128747088
009227128747679
009227128747732
009227128747734
009227128747760
009227128747856
009227128747862
009227128747867
009227128747944
009227128747969
009227128747995
009227128748005
009227128748028
009227128748146
009227128748174
009227128748194
009227128748219
009227128748297
009227128748321
009227128748345
009227128748346
009227128748353
009227128748393
009227128748394
009227128748400
009227128748410
009227128748411
009227128748415
009227128748443
009227128748452
009227128748460
009227128748469
009227128748488
009227128748530
009227128748532
009227128748537
009227128748545
009227128748560
009227128748579
009227128748599
009227128748617
009227128748640
009227128748645
009227128748773
009227128749158
011240124632826
011240124632974
011240124633000
011240124633044
011240124633084
011240124633381
011240124633522
011240124633523
011240124633750
011240124633942
011240124634034
011240124634073
011240124634119
011240124634123
011240124635263
011240124635273
011240124635316
011240124635472
011240124635504
011240124635535
011240124635919
011240124635929
011240124635972
011240124636068
011240124636089
011240124636094
011240124636157
011240124636194
011240124636216
011240124636262
012270123608220
012270123611828
012270123611909
009227128748274
008984124410308
011889124518494
011889128101415
012270127733854
012270127734101
012270127734435
012270125646652
012270125646716
012270125646895
012270125646940
012270125647206
012270125647297
012270125647310
012270127729037
012270127729294
012270127730839
012270127730903
012270127731033
012270127733285
012270127733394
012270127733415
012270127733433
009227128746850
009227128746890
009227128746970
009227128746991
009227128747276
009227128747288
011240124633572
011240124633790
011240124634165
011240124634904
011240124635979
012270123608291
012270125646406
012270125646483
012270125646524
009227126713479
009227126713720
009227126714347
009227126715143
009227126715198
009227126715285
009227126715289
009227126715357
009227126715457
009227126715495
009227126715620
009227128745808
009227128745810
009227128745929
009227128746105
009227128746698
009227128746829
009227128746833
008984127219312
011889128101567
011889128100906
009227126713513
009227128749035
009227128748982
009227128748158
009227128747475
009227128747240
009227128746757
009227128746608
009227128746601
009227128746340
009227126715322
009227126714542
009227126714525
009227126714506
009227126714499
009227126713556
012270125647306
012270125647226
012270125647203
012270125646879
012270125646699
012270125646773
012270125646513
012270125646405
011240124635964
011240124633559
011240124633515
011240124633101
009227128749202
009227128749171
009227128749087
009227128749059
009227128749043
012270127729171
012270127729221
012270127729373
012270127729593
012270127729901
012270127729908
012270127729928
012270127729954
012270127730437
012270127730581
012270127730609
012270127731313
012270127731339
012270127731361
012270127731504
012270127731548
012270127731587
012270127734093
012270125647425
012270125647414
008984127219743
011889124518104
011889124518568
011889124518356
011240124632870
011240124631475
011240124625500
009227128748644
011240124633300
011240124632979
011240124633492
011240124633814
011240124633962
011240124634056
011240124634080
011240124635070
011240124635518
011240124635555
011240124635591
011240124635931
011240124635933
011240124635937
011240124635940
011240124636163
012270123608276
012270127733876
009227128747957
009227128748311
009227128748001
008984124409523
011889128101586
009227126714693
009227126714937
009227128745825
009227128746249
009227128746550
009227128747378
009227128747550
009227128747912
009227128748085
009227128748981
009227128749023
009227128749050
009227128749146
012270125646775
012270125646779
012270125647125
012270125647148
012270127729197
012270127729620
012270127730013
012270127731343
012270127731399
012270127731534
008984127219675
011889124517867
011240124632940
009227128747945
009227128748250
009227126715832
009227126715838
009227128747064
009227128747176
009227128747191
009227128747529
009227128747783
009227128747792
009227128747796
009227128747820
009227128747847
009227128747860
009227128747950
009227128747972
009227128747979
009227128748013
009227128748039
009227128748226
009227128748235
009227128748296
009227128748298
009227128748307
009227128748334
009227128748340
009227128748378
009227128748383
009227128748387
009227128748428
009227128748526
009227128748569
009227128748678
009227128748711
009227128748796
009227128748811
011240120729606
011240120729690
011240120729830
011240120729976
011240124632866
011240124632879
011240124633363
011240124633428
011240124633910
011240124634078
011240124635251
011240124635374
011240124635442
011240124635541
011240124635765
011240124635962
011240124636192
011240124636213
011240124632940
008984124410410
011889124518244
011889124517894
011889124495674
008984127219250
011889128100435
011889128100706
009227126713551
009227126713729
009227126713890
009227126713960
009227126713973
009227126713990
009227126714000
009227126714032
009227126714517
009227126715102
009227126715120
009227126715735
009227126715739
009227128745849
009227128746457
009227128746628
009227128746657
009227128747408
009227128747505
009227128748255
009227128748659
009227128748968
009227128748972
009227128749078
009227128749197
009227128749224
011240124633113
011240124633238
011240124634067
012270125646350
012270125646461
012270125646465
012270125646538
012270125646613
012270125646688
012270125646746
012270125646747
012270125646841
012270125646862
012270125646916
012270125647103
012270125647138
012270127728880
012270127728976
012270127729114
012270127729181
012270127729203
012270127729345
012270127729423
012270127729443
012270127729469
012270127729524
012270127729621
012270127729622
012270127729624
012270127729661
012270127729691
012270127729709
012270127729715
012270127729826
012270127730485
012270127730526
012270127730597
012270127731318
012270127731329
012270127731344
012270127731369
012270127731588
012270127731617
012270127731651
011889128100499
009227126714022
009227126714099
009227126714229
009227126715104
009227126715487
009227126715557
009227128746268
009227128746404
009227128746471
009227128746629
009227128746693
009227128747263
009227128747364
011240124632793
011240124635593
009227128746367
011240124636106
011240124636170
011240124636268
011240124636280
012270123608298
012270123608393
012270123611572
012270123611810
012270127733304
008984124409510
011889128100314
011889128100740
009227126714930
009227128746119
009227128745957
009227128745910
009227128745861
009227127745025
009227126715429
009227126715227
009227126715059
011240124634008
011240124633231
011240124633089
011240124624726
009227128749061
009227128747817
009227128747589
009227128747341
009227128747145
009227128746989
009227128746903
009227128746898
009227128746857
009227128746854
009227128746846
009227128746326
012270127734384
012270127734139
012270127734126
012270127734119
012270127733859
012270127733487
012270127733371
012270127733273
012270127733236
012270127733139
012270127731638
012270127731177
012270127730904
012270127730079
012270127730075
012270127730048
012270127729899
012270127729816
012270127729575
012270127729555
012270127729505
012270127729481
012270127729453
012270127729316
012270127728822
012270125647351
012270125647318
012270125646565
012270125646511
012270125646419
012270125646359
011240124635081
011240124634068
008984127219325
011889124518633
009227128747524
009227128747662
009227128747864
009227128747930
009227128747985
009227128748339
009227128748470
011240124635954
011240124635985
012270123608226
012270123608476
012270123608545
012270123608590
012270123608629
012270123608683
012270123609974
012270123611715
012270123611816
012270123611882
012270123611894
012270123612085
012270123612119
012270123612196
012270123612299
012270123612301
012270123612353
012270125646270
008984124410382
011889128101469
011889128100281
011889124518118
009227126714034
009227126714043
009227126714052
009227126714084
009227126714087
009227126714088
009227126714095
009227126714109
009227126714119
009227126715151
009227126715202
009227126715288
009227126715473
009227126715481
009227126715559
009227126715566
009227128745943
009227128746003
009227128746106
009227128746347
009227128746352
009227128746361
009227128746368
009227128746386
009227128746387
009227128746478
009227128746528
009227128746532
009227128746619
009227128747130
009227128747340
009227128747544
009227128747726
009227128747798
009227128747914
009227128747953
009227128747962
009227128747990
009227128748010
009227128748108
009227128748134
009227128748185
009227128748220
009227128748258
009227128748325
009227128748497
009227128748776
011240124632950
011240124633386
011240124633455
011240124634131
011240124635325
011240124635328
011240124635482
011240124635490
011240124635552
011240124635701
012270123608099
012270123608102
012270123608209
012270123608242
012270123608520
012270123608724
012270123608728
012270123611566
012270123611694
012270123611814
012270123611880
012270123612043
012270123612341
012270125646236
009227128746403
009227128746520
009227128747033
012270127730199
008984124409897
008984127218743
011889128100295
011889128100368
011889128101480
008984127219288
011240124634118
009227126713467
009227126713822
009227126714462
009227126715106
009227126715145
009227126715448
009227127744984
009227128745838
009227128746008
009227128746317
009227128746984
009227128747149
009227128747623
009227128747665
009227128749126
011240124633543
011240124635656
011240124635969
012270125646648
012270127730167
012270127733758
012270127734072
008984127218535
011889128101216
011889128100411
009227126714050
009227126714057
009227126714161
009227126715097
009227126715152
009227126715492
009227126715558
009227126715578
009227128745746
009227128745965
009227128745972
009227128745977
009227128745988
009227128746177
009227128746360
009227128746367
009227128746400
009227128746401
009227128746416
009227128746458
009227128746466
009227128746679
009227128746702
009227128746893
009227128746933
009227128746939
009227128747013
009227128747256
009227128747280
009227128747358
011240124635477
011240124636201
012270123612273
012270123612358
009227126715150
009227128745893
011240124636144
008984124410220
011889128101592
011889128101146
009227126714092
009227126715083
009227126715149
009227126715479
009227128745758
009227128745971
009227128746379
009227128746473
009227128746675
009227128746699
009227128746868
009227128747039
009227128747339
009227128747347
009227128747647
009227128747655
011240124633755
011240124634074
012270123608212
012270123608722
012270123609647
012270123611772
012270123612216
012270125647721
012270127730154
012270127730885
012270127733289
012270127733449
012270127733674
012270127733844
012270127734403
008984127218787
011889128100376
009227128745760
009227128747955
009227128747963
009227128748129
009227128748285
009227128748462
009227128748534
011240124633154
011240124634156
011240124635783
012270125646509
012270125646587
012270125646630
012270125646639
012270125646849
012270125647006
012270125647062
012270125647261
012270125647293
012270125647377
012270125647589
012270125647600
012270127728892
012270127728903
012270127728949
012270127728981
012270127729108
012270127729299
012270127729467
012270127729874
012270127730179
012270127730195
012270127730215
012270127730853
012270127730884
012270127730889
012270127731107
012270127731124
012270127731197
012270127733196
012270127733200
012270127733221
012270127733229
012270127733252
012270127733301
012270127733311
012270127733381
012270127733431
012270127733503
012270127733714
012270127733720
012270127733831
012270127733872
012270127734100
012270127734252
012270127734329
012270127734397
012270127734458
008984127218745
011889128370253
011889128100326
009227126714026
009227126714667
009227126715144
009227126715386
009227126715623
009227126715855
009227126715858
009227126715861
009227128746123
009227128747403
009227128749195
011240124631563
011240124633052
011240124633159
011240124633161
011240124634092
012270125646481
012270125646504
012270125646647
012270125646979
012270125647207
012270125647230
012270127728813
012270127728908
012270127729073
012270127729207
012270127729376
012270127729511
012270127729546
012270127729684
012270127729731
012270127729761
012270127729827
012270127729836
012270127729861
012270127729879
012270127729893
012270127729935
012270127729991
012270127730005
012270127730057
012270127731379
012270127731550
012270127731557
012270127733356
008984127219289
011889124518488
011889128100963
011889124518638
009227126713625
009227126714212
009227126715247
009227126715450
009227126715520
009227126715530
009227126715548
009227126715597
009227126715607
009227126715611
009227127745023
009227127745027
009227127745028
009227128745768
009227128745958
009227128745962
009227128745995
009227128746159
009227128746295
009227128746358
009227128746493
009227128746610
009227128746667
009227128746840
009227128746972
009227128747095
009227128747100
009227128747598
012270125646615
012270125647422
008984124410339
011889124518637
011889124518573
009227128746816
009227128747411
009227128747853
009227128747898
009227128747936
009227128747942
009227128748015
009227128748107
009227128748116
009227128748464
009227128748658
009227128748681
009227128748779
009227128748788
009227128748790
009227128748809
009227128749080
009227128749086
011240124633410
011240124635618
011240124636018
011240124636039
008984124409420
011889128100805
011889128101238
011889128100223
011889128101161
011889128100481
011889128100189
008984124410118
009227126713635
009227126715296
009227127744960
009227127745031
009227128745757
009227128745966
009227128746101
009227128746111
009227128746547
009227128746642
009227128746922
008984124410149
011889128101534
009227126713496
009227126713511
009227128746118
011240124634167
012270125646637
012270125646641
012270125647176
012270125647395
012270127729712
012270127730041
008984127219583
009227126714621
009227127745024
011240124633219
011240124633720
011240124634218
011240124635069
012270125646356
012270125646357
012270125646358
012270125646369
012270125646409
012270125646416
012270125646448
012270125646488
012270125646506
012270125646516
012270125646592
012270125646778
012270125646820
012270125646846
012270125646930
012270125646978
012270125647070
012270125647107
012270125647591
012270127728840
012270127728848
012270127728867
012270127728878
012270127728902
012270127728958
012270127728960
012270127729035
012270127729043
012270127729068
012270127729075
012270127729154
012270127729279
012270127729285
012270127729343
012270127729364
012270127729456
012270127729487
012270127729523
012270127729545
012270127729548
012270127729561
012270127729563
012270127729587
012270127729613
012270127729626
012270127729630
012270127729635
012270127729642
012270127729695
012270127729739
012270127729756
012270127729763
012270127729876
012270127729886
012270127729912
012270127729949
012270127729951
012270127729973
012270127730066
012270127730081
012270127731393
012270127731401
012270127731500
012270127731565
012270127731581
012270127734091
011889124409172
011889128101437
008984127218767
011889128100242
011889124518451
011889128100383
009227126713388
009227126715008
009227127745020
009227128745799
009227128748946
009227128749049
011240124633098
011240124634110
011240124634143
011240124635058
011240124635612
012270125646382
012270125646900
012270125647299
012270127729196
012270127729778
012270127729835
008984127219022
011889128100992
011889128100526
011889128100756
009227128747277
009227128747412
009227128747653
009227128747678
009227128747800
009227128747828
009227128748048
009227128748222
009227128748247
009227128748263
009227128748422
009227128748454
009227128748702
011240124625460
011240124633121
011240124633589
011240124633644
011240124633898
011240124635685
011240124635766
011240124635774
011240124635907
011240124635912
012270125647038
012270125647288
012270125647442
012270125647659
012270127730083
012270127730119
012270127730150
012270127730161
012270127730162
012270127730170
012270127730175
012270127730180
012270127730182
012270127730185
012270127730833
012270127730873
012270127730907
012270127731029
012270127731055
012270127731068
012270127731072
012270127731103
012270127731126
012270127731137
012270127731139
012270127731140
012270127731146
012270127731151
012270127731155
012270127731179
012270127731185
012270127731188
012270127731206
012270127733171
012270127733172
012270127733183
012270127733188
012270127733195
012270127733208
012270127733216
012270127733218
012270127733230
012270127733271
012270127733283
012270127733306
012270127733307
012270127733322
012270127733333
012270127733380
012270127733385
012270127733397
012270127733402
012270127733412
012270127733413
012270127733439
012270127733445
012270127733451
012270127733455
012270127733564
012270127733596
012270127734401
012270127734295
012270127734396
012270127734394
012270127734120
012270127734116
012270127734084
012270127734025
012270127734006
012270127733999
012270127733991
012270127733865
012270127733861
012270127733855
012270127733852
012270127733848
012270127733842
012270127733813
012270127733812
012270127733806
012270127733774
012270127733772
012270127733770
012270127733768
012270127733754
012270127733629
009227126714090
009227126714718
009227126715154
009227126715174
009227126715434
009227126715475
009227128745764
009227128746132
009227128746304
009227128746545
009227128746644
009227128746897
009227128747070
009227128747104
009227128747136
012270125646600
012270127734478
012270127734474
012270127734455
012270127734433
012270127734413
009227126714059
009227128745843
009227128747075
009227128747788
009227128747991
009227128748305
009227128748593
009227128748603
011240124633408
011240124635645
011240124636125
011240124636143
011240124636256
012270123608238
012270123611665
012270123612284
012270125647029
012270125647064
012270125647085
012270125647098
012270125647161
012270125647599
012270125647634
012270125647676
012270127730121
012270127730126
012270127730158
012270127730163
012270127730166
012270127730181
012270127730191
012270127730247
012270127730299
012270127730300
012270127730820
012270127730850
012270127730851
012270127730870
012270127730871
012270127730957
012270127731062
012270127731074
012270127731076
012270127731089
012270127731095
012270127731098
012270127731131
012270127731135
012270127731143
012270127731145
012270127731156
012270127731190
012270127731201
012270127731389
012270127733184
012270127733265
012270127733358
012270127733372
012270127733374
012270127733389
012270127733425
012270127733441
012270127733443
012270127733458
012270127733464
012270127733511
012270127733719
012270127733989
012270127734030
012270127734031
012270127734114
012270127734388
012270127734405
012270127734410
012270127734423
012270127734459
012270127734528
009227126713686
009227126714068
008984124410507
011889128100764
011889128101213
008984127219183
011889128101222
011889128101234
009227126713994
009227126714461
009227126714465
009227126714601
009227126715576
009227126715584
009227126715708
009227126715718
009227126715721
009227126715779
009227126715780
009227128745878
009227128745885
009227128746037
009227128746042
009227128746054
009227128746346
009227128746440
009227128746501
009227128746527
009227128746558
009227128746839
009227128747221
009227128747362
009227128747441
009227128747592
009227128747771
009227128747830
009227128747922
009227128748243
009227128748300
009227128748405
009227128748577
009227128748614
009227128748630
009227128748666
009227128749092
011240124633198
012270123612348
012270125646368
012270127728839
012270127729875
012270127730560
012270127730902
012270127731067
009227126714974
009227126715747
009227128745887
009227128745937
009227128746681
012270125647000
012270127730124
012270127730858
012270127733745
009227126713815
008984127219723
011889124517892
011889124518686
011240124633034
011240124633115
011240124633134
011240124633475
011240124635497
011240124635588
011240124635714
011240124636111
011240124636145
011240124636171
011240124636187
011240124636211
011240124636233
011240124636252
009227128747178
009227128747731
009227128747848
009227128747901
009227128748021
009227128748178
009227128748376
009227128746745
009227128747062
009227128748416
009227128748557
009227128749203
011240124624446
011240124625065
011240124625087
011240124625166
011240124631450
011240124631495
011240124632817
011240124632913
011240124632994
011240124633040
011240124633177
011240124633399
011240124633453
011240124633467
011240124633687
011240124633856
011240124633865
011240124633889
011240124634058
011240124634150
011240124634329
011240124634572
011240124635068
011240124635073
011240124635120
011240124635156
011240124635297
011240124635499
011240124635578
011240124635622
011240124635688
011240124635720
011240124635909
011240124635955
011240124636069
011240124636241
011240124636255
012270123608695
012270123612221
009227118628480
008984124409982
011889124517937
011889124517942
009227128747394
009227128747719
009227128747738
009227128747913
009227128747959
009227128748202
011240124623751
011240124632787
011240124632842
011240124632907
011240124632910
011240124632919
011240124633074
011240124633337
011240124633375
011240124633380
011240124633387
011240124633424
011240124633784
011240124633904
011240124633952
011240124634033
011240124635265
011240124635323
011240124635562
011240124635887
011240124635889
011240124635911
011240124635914
011240124635918
011240124636184
011240124636186
011240124636219
011240124636240
011240124636263
009227128746435
011240124625562
011240124636236
011240124631534
008984124409967
011889124518069
011889124518681
011889124518407
009227128746506
009227128747785
009227128748081
009227128748287
009227128748379
009227128748542
009227128748691
009227128748707
012270125647047
009227128747071
009227128747757
009227128747971
009227128748047
009227128748155
009227128748331
009227128748396
009227128748402
009227128748438
009227128748544
009227128748564
009227128748575
009227128748590
009227128748602
009227128748720
009227128748765
011240124633174
011240124633354
011240124635586
011240124635980
011240124636093
009227128747989
009227128748062
009227128748065
009227128748127
009227128748138
009227128748337
009227128748587
009227128748623
009227128748647
009227128748705
009227128748730
011240124635266
012270123608157
012270123608210
012270123608577
008984124410414
011889124517966
011889124518364
011889124518466
009227128747672
009227128747795
009227128747943
009227128748145
009227128748168
009227128748214
009227128748358
009227128748787
012270125646967
012270125647036
012270125647169
012270127730149
012270127730168
012270127730193
012270127730203
012270127730898
012270127731183
012270127731192
012270127733207
012270127733209
012270127733243
012270127733310
012270127733319
012270127733327
012270127733403
012270127733426
012270127733454
012270127734395
012270127734454
012270127734463
009227128747883
012270127730890
009227128747661
009227128747682
009227128747706
009227128747756
009227128747794
009227128747861
009227128747865
009227128747916
009227128747946
009227128748073
009227128748211
009227128748244
009227128748404
009227128748445
009227128748506
009227128748525
009227128748588
009227128748794
011240124632827
011240124632832
011240124632937
011240124633057
011240124633213
011240124633338
011240124633527
011240124633851
011240124634331
011240124635094
011240124635581
011240124635744
011240124636010
011240124636083
011240124636197
011240124636242
011240124636276
012270123608096
012270123608288
012270123608294
012270123608517
012270123608535
012270123611597
012270123611818
012270123612063
012270123612089
012270123612155
012270123612293
012270123612355
012270123612356
012270125647025
012270125647079
012270125647179
012270125647183
012270127730122
012270127730127
012270127730134
012270127730141
012270127730804
012270127730815
012270127730835
012270127730886
012270127731024
012270127731125
012270127731148
012270127731193
012270127733180
012270127733269
012270127733357
012270127733359
012270127733375
012270127733453
012270127733658
012270127733682
012270127733759
012270127734197
012270127734427
012270127734471
012270127734525
008984124410219