009217100132849
009217100132837
011240116745407
009227118625949
009227118625805
009227118625949
011240121748300
011240122761450
011240122761849
012270123607966
011240122761362
012270123610554
012270123610506
011240122761711
009227118625852
011240119709219
011240116745083
011240116745218
011240117623443
011240119709277
011240119709943
011240116745656
011240119721531
011240119718559
011240119721258
011240119719607
011240119720889
011240115701831
011240108708976
011240120731703
011347123861189
011240120728524
011240120729338
011240120731639
011240116745563
011240116745746
008984118194556
008984118195417
008984118194203
008984056000906
008984056001550
008984056001089
008984056000995
011240119717858
011240112607784
011240120729366
011240120731706
008984118194853
011240120731538
012270123610354
011240120734949
009235116742754
011240119721076
011240120733835
012270128753169
009235115715400
011889117093876
012270123607084
011889119507549
011240124634805
012270123611513
009227120737880
012270128751601
011889117093800
012270123861323
011240124625295
012270123860425
011240124134600
012270127794020
009227119661919
012270123610963
012270123609912
012270123609892
011889117410835
012270123609462
011240120730393
011240120728739
009227122759874
009235117600701
011347123861854
012270123610337
009227122758302
012270128752443
009227122759512
012270123608510
011347123861324
011347123862028
011347123861973
011347123861365
011347123862120
011347123860419
011347123861954
011240123860781
009227122759594
009227120737626
009227122759594
009227120737626
011270123861931
012270123661235
011347123860600
011347125905734
011347123861906
009227119661945
011240119720187
009235115715847
009235115715873
009235115715232
008984118194865
008984118195679
011240115702803
009227121750491
011240120730680
009235100658635
012270123611485
009235100658635
012270123606040
012270123607624
009235115715074
011240120735339
011240124624583
009235115715043
011240120731678
009227119458342
009227119661881
009235116742856
009235117600685
009227115701149
009227115715383
009227116742772
009227122758230
009227124645094
009227122758230
009227124645094
009235115715688
011240120729526
011240119720876
011240119721598
009235115715549
011240120731894
011240120729411
009235115715763
008984056001393
011240120731931
009235115715015
012270123608519
012270123610078
011240120730093
011240120732673
011889117093048
011240120733824
008984118195593
011240119718317
011240120731428
012270123611154

009227122759508
011240120735177
012270123605879
011240124634289
012270123608244
000000006285183
000000006285024
000000007000751
000000007000974
000000007000982
000000006254408
000000011082108
000000011082046
000000011082147
008984091076771
008984091485735
009234096175545
008984091485962
008984091485514
009234096174821
009234096174790
009234096174773
009234096174275
009234096174349
009234096174269
011240119719282
011240119719922
011240108709643
009235119658890
011240108709619
011240114654159
011240115701765
011240116745519
011240108709414
011240120738483
011240119720660
011240119721404
011240119720777
011240112607510
011240115702550
011240116745741
011240116745757
011240116745931
011240116746036
011240114649919
011240114649551
008984118195834
011240119719810
011240114649726
011240116746164
011240115702581
011240116745703
011240115701964
011240116745167
011240116745006
011240116745016
011240115701819
011240124624511
011240124623933
011240119719812
011240119721401
011240119718440
011240120731291
009227118626923
011240116746061
011240119709830


008984115337782
008984118195495
008984118194231
011240119720722
011240117606799
011240119721473
011240119709615
000000031597635
008984102141226
008984102141271
008984118195446


008984119481746
008984119481558
000000091076709
000000091076588
000000091076739
008684089354536
000000091077456

012270123607734
011240120728566
011240119722294
011347123861652
011347123862139
011240119721426



008984091076618
011240120730821
011240119723163
011240124635195
011240114649482
011240114649983
011240114653208
011240115701796
011240116745546
011240116745911
011240116745998
011240116746009
011240119709233
011240119720225
011240119720042
011240119719250
011240119720644
011240115702615
009235115715216
011240115701783
011240115701755
011240115702538
009235115715875
011240113614005
009235116742746
011240119719399
011240119719648
011240119709707
011240116745980
009235115715739
011240116745264
011240116745073
011240116745487
011240119718797
009235109723801
011240119720687
011240116745603
011240120729390
009235118635553
012270123607463
011240108710265
011240115701892
011240114649242
011240115701971
011240119721318
011240114654245
009235116742868
012270123609576
011240124634399
012270125646304
009217123091229
000000091434667



